-0.565128 0.800433 0.118623 -1.17166 -0.735038 0.330012 0.441309 -1.01875 0.3283 1.25619 1.00491 -0.469281 0.734167 -0.921616 -0.118199 0.069208 -0.28184 -0.127354 -0.514029 0.268278 0.211742 -0.470465 0.732943 0.234411 0.6251 -1.18875 0.0857632 1.02649 -0.00513109 -0.119869 0.562196 1.00602 0.538917 -0.607651 -0.534756 0.224376 0.709255 0.736188 0.561836 0.424275 -1.17698 0.672636 0.531602 0.316985 0.295652 0.171242 -0.953605 -0.209861 -1.17694 -0.290111 -0.295084 0.906992 0.61868 -0.617226 -1.46227 -0.513534 -0.594959 0.229191 -0.479133 0.774037 0.206132 1.21904 0.775909 0.772321 -0.356024 0.229698 0.766912 0.580638 0.288301 -0.995168 0.655344 0.0624905 0.588836 -0.411556 
-0.497192 0.826062 0.118623 -0.990441 -0.735038 0.32726 0.580872 -1.21243 0.361068 1.22078 1.03849 -0.246578 0.8239 -0.921616 -0.092299 0.205826 -0.28184 -0.127354 -0.514029 0.268278 0.211742 -0.416566 0.588739 0.113164 0.657081 -0.977541 0.140494 1.02649 -0.00513109 -0.116648 0.582506 1.00602 0.538917 -0.514271 -0.508847 0.253232 0.709255 0.721154 0.413778 0.424275 -1.28065 0.672636 0.445273 0.462999 0.354049 0.171242 -0.974345 -0.168425 -1.16184 -0.290111 -0.0437031 1.07186 0.654829 -0.617226 -1.52707 -0.372135 -0.594959 0.229191 -0.867616 0.717951 -0.0662373 0.995932 0.641586 0.772321 -0.391445 0.0788793 0.571206 0.560145 0.349296 -0.995168 0.581752 0.0624905 0.588836 -0.459779 
-0.625401 0.783859 0.118623 -1.01831 -0.735038 0.32726 0.43056 -1.01875 0.361068 1.22078 0.819009 -0.250114 0.8239 -0.921616 0.0303912 0.069208 -0.244904 0.165862 -0.29327 0.268278 0.402017 -0.470465 0.527813 0.253616 0.607267 -1.06113 0.241191 1.02649 -0.00513109 -0.217537 0.582506 0.969727 0.760385 -0.514271 -0.338698 0.253232 0.709255 0.740973 0.564726 0.424275 -1.10506 0.672636 0.380152 0.316985 0.354049 0.171242 -0.953605 -0.250867 -1.11579 -0.172048 -0.08041 1.14708 0.654829 -0.617226 -1.52707 -0.627457 -0.485463 0.43958 -0.867616 0.717951 0.0961407 1.17232 0.526881 0.657461 -0.209764 0.420098 0.571206 0.440233 0.288301 -0.995168 0.581752 0.0348566 0.60859 -0.411556 
-0.625401 0.826062 0.118623 -1.0968 -0.735038 0.253255 0.43056 -1.21243 0.527755 1.22078 1.03849 -0.442702 0.914479 -1.0906 0.0303912 0.205826 -0.244904 -0.127354 -0.29327 0.268278 0.402017 -0.416566 0.588739 0.234411 0.658853 -0.891207 0.0857632 1.02649 -0.0515947 -0.116648 0.582506 0.969727 0.538917 -0.530348 -0.501448 0.253232 0.709255 0.657475 0.477123 0.277523 -1.31037 0.672636 0.481513 0.316985 0.27335 0.171242 -0.953605 -0.168425 -1.14106 -0.219727 -0.0437031 0.906992 0.584062 -0.617226 -1.46227 -0.143689 -0.508648 0.229191 -0.572641 0.717951 0.206132 1.21448 0.576933 0.927335 -0.356024 0.0788793 0.571206 0.560145 0.376456 -0.995168 0.66436 0.0560682 0.60859 -0.520071 
-0.497192 0.826062 0.180968 -0.990441 -0.735038 0.253255 0.580872 -1.01875 0.361068 1.22078 0.943123 -0.246578 0.8239 -0.878105 0.0303912 0.069208 -0.430846 -0.086218 -0.554026 0.268278 0.402017 -0.416566 0.588739 0.234411 0.670394 -0.891207 0.0492975 1.02649 -0.0536578 -0.217537 0.485288 1.00602 0.273447 -0.514271 -0.534756 0.253232 0.796048 0.777299 0.561836 0.277523 -1.17698 0.672636 0.380152 0.316985 0.27335 0.301295 -0.953605 -0.274619 -1.14106 -0.290111 -0.08041 0.906992 0.584062 -0.47115 -1.44606 -0.513534 -0.646638 0.229191 -0.55204 0.717951 0.0961407 1.17232 0.775909 0.657461 -0.356024 0.229698 0.571206 0.560145 0.288301 -0.995168 0.581752 0.0560682 0.60859 -0.512009 
-0.615804 0.800433 0.118623 -0.878826 -0.735038 0.330012 0.580872 -1.21243 0.527755 1.22078 0.819009 -0.469281 0.8239 -0.921616 0.0303912 0.069208 -0.244904 -0.086218 -0.29327 0.268278 0.219254 -0.470465 0.588739 0.234411 0.6251 -1.06113 0.0537767 1.02649 -0.0515947 -0.217537 0.485288 0.969727 0.538917 -0.530348 -0.534756 0.253232 0.783475 0.721154 0.561836 0.424275 -1.1535 0.672636 0.445273 0.256115 0.27335 0.171242 -0.953605 -0.168425 -1.14106 -0.219727 -0.379521 0.906992 0.61868 -0.517855 -1.46227 -0.513534 -0.552574 0.381401 -0.572641 0.717951 0.0961407 1.17232 0.526881 0.927335 -0.356024 0.229698 0.571206 0.580638 0.288301 -1.09308 0.655344 0.0734674 0.588836 -0.512009 
-0.734582 0.811556 0.118623 -1.01831 -0.735038 0.330012 0.441309 -1.01875 0.361068 1.22078 0.943123 -0.474835 0.914479 -1.01446 0.0303912 0.205826 -0.244904 -0.0176967 -0.514029 0.211233 0.402017 -0.470465 0.626628 0.234411 0.607267 -1.06113 0.0972218 1.02649 -0.0536578 -0.162704 0.582506 0.969727 0.273447 -0.514271 -0.501448 0.253232 0.783475 0.736188 0.561836 0.277523 -1.28065 0.672636 0.380152 0.256115 0.354049 0.170027 -0.953605 -0.168425 -1.16184 -0.219727 -0.295084 0.906992 0.584062 -0.464512 -1.52707 -0.372135 -0.594959 0.229191 -0.479133 0.717951 0.206132 1.17232 0.775909 0.657461 -0.356024 0.0788793 0.571206 0.580638 0.349296 -0.995168 0.589632 0.0624905 0.60859 -0.459779 
-0.565128 0.826062 0.180968 -0.907034 -0.735038 0.330012 0.444912 -1.4356 0.3283 1.22078 0.819009 -0.470845 0.8239 -1.01446 -0.0634996 0.205826 -0.28184 0.165862 -0.514029 0.268278 0.402017 -0.470465 0.588739 0.234411 0.607267 -0.847401 0.0857632 1.02649 -0.0515947 -0.217537 0.566861 1.00602 0.538917 -0.514271 -0.338698 0.253232 0.709255 0.777299 0.561836 0.424275 -1.17698 0.794448 0.445273 0.462999 0.334547 0.301295 -0.990236 -0.209861 -1.14106 -0.290111 -0.379521 1.14708 0.584062 -0.617226 -1.46227 -0.513534 -0.552574 0.331467 -0.867616 0.717951 0.206132 1.15551 0.707091 0.927335 -0.356024 0.204489 0.571206 0.560145 0.288301 -0.995168 0.553609 0.0734674 0.588836 -0.459779 
-0.799127 0.719743 0.188958 -1.01831 -0.735038 0.330012 0.441309 -1.21243 0.414164 1.22078 1.03849 -0.442702 0.914479 -0.921616 0.0303912 0.205826 -0.244904 -0.0176967 -0.29327 0.268278 0.211742 -0.416566 0.588739 0.234411 0.607267 -0.815946 0.0537767 1.02649 -0.0515947 -0.217537 0.562196 1.00602 0.273447 -0.66846 -0.534756 0.253232 0.709255 0.736188 0.477123 0.424275 -1.17698 0.672636 0.380152 0.276828 0.27335 0.170027 -0.990236 -0.168425 -1.16184 -0.219727 -0.0437031 1.14708 0.61868 -0.617226 -1.44606 -0.533437 -0.594959 0.374463 -0.867616 0.717951 -0.0662373 1.17232 0.576933 0.927335 -0.390748 0.203354 0.571206 0.560145 0.288301 -1.05832 0.581752 0.0734674 0.588836 -0.537406 
-0.625401 0.623249 0.118623 -1.01831 -0.735038 0.330012 0.441309 -1.21243 0.361068 1.22078 0.819009 -0.246578 0.8239 -0.921616 0.0303912 0.217809 -0.28184 -0.0176967 -0.29327 0.268278 0.211742 -0.257671 0.626628 0.234411 0.6251 -1.06113 0.0857632 1.05434 -0.0536578 -0.116648 0.582506 1.00602 0.614783 -0.530348 -0.338698 0.224376 0.709255 0.782388 0.477123 0.424275 -1.31037 0.672636 0.380152 0.276828 0.27335 0.171242 -0.953605 -0.168425 -1.11046 -0.219727 -0.379521 0.906992 0.584062 -0.824501 -1.46227 -0.344736 -0.594959 0.331467 -0.867616 0.717951 0.206132 1.21904 0.641586 0.772321 -0.390748 0.204489 0.571206 0.580638 0.336695 -1.08644 0.581752 0.0348566 0.615088 -0.459779 
