1.267 -0.955619 0.0314588 0.250389 0.168747 -0.889365 0.380376 -0.394832 -0.710448 -0.431114 1.16644 -0.315511 0.332225 -0.179586 -0.322524 0.575817 -0.929401 -0.212513 -0.643473 -1.35444 0.261925 0.928623 -0.623954 -0.445787 -0.583237 1.20137 0.895132 1.79141 -0.602676 1.80194 0.585072 -0.487541 0.404745 0.673675 1.68635 -0.235813 1.23849 0.857947 -1.64268 -0.806839 -0.695387 1.43059 1.58079 -0.400388 0.477719 0.0519766 0.250571 -0.776664 -0.902971 -0.708808 1.08299 -0.235948 0.538952 -0.777694 -0.0338172 -0.49976 1.0069 0.0880327 0.75297 0.0771069 1.29094 0.614227 0.0410327 0.0411345 1.92745 0.941201 1.18194 0.311392 0.624858 -0.113433 -0.845473 -0.408512 2.02505 -0.417104 
1.267 -0.955619 0.00103975 0.382298 0.168747 -0.995163 0.380376 -0.394832 -0.710448 -0.43138 1.10258 -0.44594 0.332225 -0.179586 -0.239146 0.685603 -0.929401 -0.212513 -0.353745 -1.35444 0.218011 0.884992 -0.623954 -0.445787 -0.583237 1.29744 0.890695 1.88312 -0.597719 2.02798 0.690781 -0.502005 0.404745 0.753861 1.68635 -0.235813 0.954273 0.469572 -1.52654 -0.806839 -0.695387 1.30441 1.39512 -0.400388 0.483026 0.0519766 0.250571 -0.776664 -0.983466 -0.708808 1.08299 -0.114917 0.703349 -0.950603 -0.0338172 -0.525712 1.0069 0.0880327 0.75297 0.109818 1.32794 0.581296 0.0410327 0.0411345 1.98117 0.941201 1.22734 0.311392 0.624858 -0.141978 -0.845473 -0.389255 2.0745 -0.391111 
1.267 -0.799848 0.0314588 0.122901 -0.0391084 -1.08297 0.380376 -0.394832 -0.710448 -0.384886 1.10258 -0.455645 0.261066 -0.319909 -0.282854 0.685603 -0.919828 -0.212513 -0.390047 -1.35444 0.221677 0.871136 -0.623954 -0.461902 -0.683584 1.34555 0.890695 1.94146 -0.602676 2.02798 0.690781 -0.502005 0.404745 0.673675 1.68635 -0.235813 1.23849 0.748744 -1.61166 -0.865699 -0.695387 1.30441 1.51821 -0.400388 0.477719 0.318742 0.250571 -0.706397 -0.983466 -0.803057 1.08299 -0.117527 0.703349 -0.950603 -0.136959 -0.55218 1.19056 0.0880327 0.751061 0.116202 1.09655 0.713635 0.0410327 -0.0133173 1.98117 0.941201 1.22734 0.311392 0.624858 -0.113433 -0.845473 -0.439131 2.02505 -0.417104 
1.33752 -0.955619 0.00103975 0.297731 0.168747 -1.02105 0.380376 -0.200625 -0.710448 -0.384886 1.10258 -0.26342 0.332225 -0.172977 -0.282854 0.685603 -0.929401 -0.212513 -0.600948 -1.28179 0.261925 0.945354 -0.623954 -0.597356 -0.583237 1.34555 0.890695 1.88312 -0.597719 2.02798 0.690781 -0.321045 0.404745 0.764212 1.68635 -0.209922 1.23849 0.857947 -1.64268 -0.806839 -0.695387 1.30441 1.40714 -0.458281 0.477719 0.238029 0.250571 -0.814727 -0.983466 -0.708808 1.08299 -0.235948 0.703349 -0.777694 -0.0338172 -0.55218 1.0069 0.0243964 0.75297 0.109579 1.09655 0.605573 0.0410327 0.0411345 1.92745 0.941201 1.22734 0.311392 0.583897 -0.113433 -0.814622 -0.459033 2.02505 -0.311963 
1.33752 -0.915035 0.00103975 0.250389 0.131931 -1.02105 0.322884 -0.394832 -0.710448 -0.431114 1.10258 -0.26342 0.0888597 -0.341484 -0.282854 0.685603 -0.929401 -0.154012 -0.600948 -1.36515 0.221677 0.884992 -0.623954 -0.445787 -0.583237 1.29744 0.890695 1.88312 -0.602676 1.80194 0.563482 -0.487541 0.404745 0.753861 1.68635 -0.209922 0.950398 0.469572 -1.64268 -0.806839 -0.695387 1.30441 1.40714 -0.531199 0.477719 0.0519766 0.250571 -0.867937 -1.09872 -0.708808 1.08299 -0.209208 0.792149 -0.652897 -0.0384712 -0.55218 1.0069 0.0125724 0.75297 0.109818 1.32794 0.581296 0.0410327 0.0378262 1.98117 0.941201 1.22734 0.311392 0.621743 -0.0915237 -0.845473 -0.389255 2.02505 -0.437561 
1.267 -0.955619 0.0125581 0.297731 0.168747 -1.02105 0.322884 -0.462593 -0.710448 -0.384886 1.10258 -0.44594 0.332225 -0.172977 -0.282854 0.685603 -0.887147 -0.212513 -0.600948 -1.35444 0.323079 0.871136 -0.623954 -0.591677 -0.583237 1.34555 0.890695 1.88312 -0.602676 1.80194 0.690781 -0.502005 0.41507 0.753861 1.68635 -0.235813 0.950398 0.857947 -1.64268 -0.890779 -0.695387 1.30441 1.40714 -0.657331 0.483026 0.0519766 0.250571 -0.867937 -0.878095 -0.860814 1.08299 -0.295294 0.538952 -0.777694 -0.222911 -0.55218 1.07689 0.0795559 0.75297 0.109579 1.09655 0.614227 0.213896 0.0411345 1.92745 0.941201 1.22734 0.311392 0.624858 -0.113433 -0.814622 -0.439131 2.0745 -0.391111 
1.267 -0.955619 0.0314588 0.250389 0.168747 -1.10004 0.380376 -0.394832 -0.710448 -0.431114 0.997524 -0.44594 0.332225 -0.179586 -0.282854 0.685603 -0.929401 -0.035878 -0.643473 -1.28179 0.261925 0.884992 -0.623954 -0.597356 -0.683584 1.28057 0.888796 1.88312 -0.602676 2.02798 0.690781 -0.502005 0.492869 0.886022 1.68635 -0.235813 0.950398 0.665235 -1.64268 -0.806839 -0.695387 1.30441 1.51255 -0.246671 0.566512 0.0519766 0.250571 -0.950678 -0.983466 -0.708808 1.08299 -0.235948 0.538952 -0.663883 -0.218535 -0.55218 1.0069 0.0245503 0.75297 0.109579 1.29094 0.529294 0.0410327 0.033418 1.92745 0.941201 1.22734 0.311392 0.748011 -0.104783 -0.845473 -0.459033 2.02505 -0.40824 
1.267 -0.955619 0.00103975 0.250389 0.168747 -0.889365 0.380376 -0.394832 -0.710448 -0.431114 1.29964 -0.44594 0.332225 -0.284084 -0.282854 0.685603 -0.919828 -0.035878 -0.600948 -1.33853 0.261925 0.884992 -0.623954 -0.597356 -0.583237 1.44304 0.890695 1.88312 -0.602676 2.02798 -0.124888 -0.321045 0.41507 0.813962 1.68635 -0.355463 0.950398 0.469572 -1.64268 -0.806839 -0.695387 1.30441 1.40714 -0.400388 0.477719 0.0519766 0.250571 -0.867937 -0.983466 -0.708808 1.08299 -0.295294 0.703349 -1.17466 -0.222911 -0.55218 1.0069 0.0592879 0.75297 0.109818 1.09655 0.529294 0.0410327 0.0411345 1.98117 0.941201 1.22734 0.311392 0.624858 -0.0915237 -0.845473 -0.439131 2.04191 -0.391111 
1.267 -0.955619 0.0125581 0.382298 -0.0391084 -0.889365 0.322884 -0.394832 -0.710448 -0.431114 1.10258 -0.44594 0.261066 -0.179586 -0.282854 0.685603 -0.929401 -0.154012 -0.353745 -1.35444 0.14221 0.869911 -0.623954 -0.461902 -0.583237 1.20137 1.02125 1.79141 -0.602676 2.02798 0.690781 -0.321045 0.404745 0.753861 1.68635 -0.235813 0.950398 0.469572 -1.64268 -0.806839 -0.695387 1.30441 1.58079 -0.400388 0.477719 0.0519766 0.18226 -0.776664 -0.983466 -0.860814 1.10055 -0.295294 0.792149 -0.663883 -0.0338172 -0.544767 1.19056 0.0245503 0.751061 0.0771069 1.32794 0.713635 -0.0258827 0.0411345 1.98117 0.941201 1.22734 0.311392 0.624858 -0.113433 -0.845473 -0.389255 2.02505 -0.391111 
1.267 -0.955619 0.0314588 0.250389 0.168747 -0.968228 0.380376 -0.394832 -0.710448 -0.384886 1.10258 -0.26342 0.261066 -0.214638 -0.38116 0.685603 -0.929401 -0.212513 -0.353745 -1.35444 0.14221 0.884992 -0.517589 -0.445787 -0.744359 1.29744 1.02125 1.88312 -0.597719 1.80194 0.690781 -0.487541 0.404745 0.764212 1.68635 -0.0375699 0.950398 0.857947 -1.64268 -0.806839 -0.695387 1.30441 1.58079 -0.278837 0.483026 0.238029 0.336082 -0.776664 -0.983466 -0.708808 1.08299 -0.117527 0.529265 -1.17466 -0.218535 -0.55218 1.0069 0.0880327 0.75297 0.109818 1.29094 0.605573 -0.0258827 0.0411345 1.98117 0.941201 1.22734 0.311392 0.624858 -0.113433 -0.845473 -0.459033 2.02505 -0.311963 
